	Estimate	Std. Error	z value	Pr(>|z|)
SNP_1	0.0736450219296393	0.115167969129097	0.639457502694065	0.522525351407379
SNP_2	0.0357496788163699	0.135455539481948	0.263921866562971	0.791840125777157
SNP_3	0.0360272077622829	0.104438705081257	0.344960306949924	0.730124211606827
SNP_4	0.0816841282118055	0.0967233160686041	0.844513314182367	0.398382626544719
SNP_5	0.0695826540281462	0.107450957546589	0.647575932471112	0.517259267926521
SNP_6	-0.0578971029972992	0.176014160804158	-0.328934346718377	0.742205312626496
SNP_7	-0.00115432348723603	0.115548703172798	-0.00998993026784378	0.992029321453246
SNP_8	0.108569958346432	0.0995266492716312	1.09086319233072	0.275333085388778
SNP_9	0.329094077327752	0.136542650710832	2.4101925340874	0.0159441039726755
SNP_10	0.321035697873742	0.112083310386296	2.86425960089232	0.00417985294758586
SNP_11	0.216709662211753	0.125040451675359	1.73311643798595	0.083074975242563
SNP_12	0.0449207098268053	0.0977766340935407	0.459421724251938	0.645931350791901
SNP_13	0.101922799537942	0.100496742488709	1.01419008232425	0.31049206007723
SNP_14	0.22950269483862	0.113105044938329	2.02911103535441	0.0424469821585751
SNP_15	0.341051154167543	0.15170469497303	2.24812524245327	0.0245682048977507
SNP_16	0.277979648824064	0.0983919788785922	2.82522673079956	0.00472471702948585
SNP_17	0.237560332234347	0.0976327548390983	2.4332032075286	0.0149658991023137
SNP_18	0.207863407603061	0.106888068622691	1.94468297801139	0.0518131454744777
SNP_19	0.180942677022744	0.104375492877316	1.73357434810321	0.0829936351975891
SNP_20	0.219330505283377	0.0962646841245915	2.27841089676777	0.0227021077752701
SNP_21	0.193135149984579	0.0969639943982787	1.99182336890205	0.0463904412631908
SNP_22	0.164848654312412	0.124520739254454	1.32386504689431	0.185547868427852
SNP_23	0.169862193115638	0.097156655888325	1.74833305616121	0.0804063724356185
SNP_24	0.14752858603428	0.119431630538811	1.23525556310929	0.216735406161117
SNP_25	0.0560996486534729	0.127082545943864	0.441442593369618	0.658892612449942
SNP_26	0.119210128560888	0.110082352053807	1.08291770966721	0.278844950428948
SNP_27	0.198396122203855	0.130008687239187	1.5260220406568	0.127004375513959
SNP_28	-0.0305850211137047	0.0962225404974736	-0.317857135714555	0.750593308338556
SNP_29	0.0740106927952903	0.148899747188259	0.497050493320959	0.619153444667904
SNP_30	-0.153384920030217	0.12285057076177	-1.2485486968364	0.211830186717026
SNP_31	0.0124094789253479	0.0990212373827538	0.125321388152126	0.900269120369364
SNP_32	0.0856957289477078	0.111581768123631	0.768008343914733	0.442482227769372
SNP_33	-0.137038704438499	0.104469840373446	-1.31175374585268	0.189603236015446
SNP_34	-0.0284418092611305	0.143473019764091	-0.198238033240651	0.84285883169417
SNP_35	0.110479330608602	0.0996684215510108	1.10846874957338	0.267659428111147
SNP_36	-0.0554517599853307	0.101048497853216	-0.548763822950448	0.583167540306925
SNP_37	0.0684499669862462	0.18453160070159	0.370938997580897	0.710682968084684
SNP_38	0.0826447002441403	0.0994012892199073	0.831424832542201	0.405733675492291
SNP_39	0.136214481959006	0.141980545521065	0.959388354644662	0.337363139493992
SNP_40	0.0150964222710161	0.0988310941654816	0.152749723136109	0.878595647442544
SNP_41	-0.0350204347743768	0.151172760069373	-0.231658367276657	0.816803369851973
SNP_42	-0.0656129463660089	0.104045709202559	-0.630616551791403	0.528291273744435
SNP_43	0.198773093519112	0.13373832132179	1.48628374840178	0.137204083516199
SNP_44	0.308222714851117	0.12513816574443	2.46305923550615	0.013775715465583
SNP_45	0.0898494957783888	0.100092661576462	0.89766316894023	0.369365150759755
SNP_46	0.225989036159858	0.110754403567749	2.04045192678609	0.041305334489067
SNP_47	-0.09797594326346	0.133239869491216	-0.73533502875368	0.462135479968484
SNP_48	-0.0949968340423543	0.103642552052151	-0.91658138632628	0.359362041874176
SNP_49	-0.0526577320153107	0.10788804795488	-0.488077530490986	0.625494925934962
SNP_50	0.049026105972619	0.122515337520479	0.400163007871763	0.689036458830395
SNP_51	0.181514422641788	0.115563595056505	1.5706886113489	0.116254995831671
SNP_52	0.449485229419568	0.165234024092805	2.72029463597105	0.0065223771680948
SNP_53	0.0105960516745243	0.112809812222987	0.0939284576910689	0.925165987797946
SNP_54	0.000228748468041804	0.17252181994103	0.00132591035800569	0.998942076906317
SNP_55	0.0566613189383675	0.098665568168478	0.574276518041375	0.56578069676286
SNP_56	0.0556958619231369	0.0995019663526094	0.559746344366352	0.575652466356258
SNP_57	0.059468697508162	0.113147687994639	0.525584734095317	0.599176765775855
SNP_58	0.150120192148379	0.0987849526094781	1.5196665907392	0.128594792380257
SNP_59	0.0461848535782412	0.097307003942746	0.474630311353699	0.635050497450221
SNP_60	0.189354704649924	0.0998665214645425	1.89607790351598	0.0579497439700047
SNP_61	0.0983210568843175	0.158746437830019	0.619359137932889	0.535679793769582
SNP_62	0.211082239539931	0.103567061536012	2.03812135257439	0.0415377982443953
SNP_63	0.150675880618045	0.0982467774018465	1.5336470528876	0.125116506002254
SNP_64	0.0665171627034826	0.146906517096517	0.45278564911985	0.650703098348292
SNP_65	0.129564978224245	0.105431700386499	1.228899635966	0.219109437981027
SNP_66	0.161014579220928	0.100813702766153	1.59714974059049	0.110232332829373
SNP_67	0.140848377161439	0.0988403517922744	1.42500886133479	0.154154639618959
SNP_68	0.169962359131028	0.119987332460869	1.41650252276803	0.156628426060793
SNP_69	0.0586754961106838	0.0977857665645332	0.600041275659082	0.548478727710563
SNP_70	-0.00830374508363961	0.0996195244397196	-0.0833545946975912	0.93356959099648
SNP_71	0.0696623230589862	0.0992942500916722	0.701574592634229	0.482944501095119
SNP_72	0.107173625627885	0.113529700557197	0.944013990188317	0.345162499148803
SNP_73	-0.100384235610395	0.128833957937175	-0.779175282803516	0.435876468123814
SNP_74	0.0621448837157325	0.119523742787733	0.519937564422643	0.603107092462806
SNP_75	0.0437819442931681	0.0989388392471272	0.442515240994596	0.658116403915401
SNP_76	0.0283755624703975	0.101626792484962	0.27921340206222	0.780081059126016
SNP_77	-0.188855452776093	0.130730682589195	-1.44461460030426	0.148566169436844
SNP_78	-0.24898231345069	0.203335188585733	-1.22449200840468	0.220766679214997
SNP_79	0.101241955323157	0.105486630113506	0.959761016293895	0.337175506525425
SNP_80	0.0418524643533039	0.101870432110604	0.410840157307503	0.681189745165248
SNP_81	-0.0648093416712453	0.172133516222128	-0.376506232450471	0.706540582965287
SNP_82	0.0926091696456968	0.13700095520033	0.67597462740518	0.499056754391314
SNP_83	-0.051030797461626	0.115416654923172	-0.442144138517922	0.658384906115362
SNP_84	0.12221369344145	0.124818996594615	0.979127350609729	0.327517059146729
SNP_85	0.181850917700424	0.185990960274398	0.977740624770874	0.328202623824463
SNP_86	0.0896006372150806	0.107004532282419	0.837353664409238	0.402393802767143
SNP_87	-0.0388890374708976	0.125626223867796	-0.309561461560948	0.756894466758812
SNP_88	-0.000229467537021278	0.0985935143891135	-0.00232741005778181	0.998142997124753
SNP_89	0.065319970652491	0.0987827164125713	0.661248981853047	0.50845265367574
SNP_90	-0.00840796149530654	0.113188475352289	-0.074282840802807	0.940785330361834
SNP_91	0.00392140513420351	0.119036968472295	0.0329427503449585	0.973720241436279
SNP_92	-0.250873526813837	0.238149112250719	-1.05343045137922	0.292143753931176
SNP_93	-0.0879095651938005	0.0992518821792537	-0.885721895278838	0.375767406695477
SNP_94	-0.0991811245734744	0.187839376748565	-0.528010294168697	0.597492191097365
SNP_95	0.0208745045184168	0.109863624620128	0.190003785061651	0.849306164511963
SNP_96	-0.0761961356870805	0.0983565389987299	-0.774693136447842	0.438521007659231
SNP_97	-0.246278925591864	0.171264647218785	-1.43800211889177	0.150433452940115
SNP_98	-0.19557203078901	0.117378437961623	-1.66616658208515	0.0956802399824816
SNP_99	-0.242523458978542	0.220044747183848	-1.10215518471756	0.270394211446929
SNP_100	0.278454880993337	0.0753208477665141	3.6969164481063	0.000218234127837819
SNP_101	-0.00888939052778959	0.0978004337916681	-0.0908931605224322	0.927577484810129
SNP_102	-0.0477414541380951	0.11353465417213	-0.420501163157765	0.674119379851498
SNP_103	0.117362226009645	0.0989823610748517	1.18568828562186	0.235745422393661
SNP_104	0.0337701917175808	0.118096904709831	0.285953233072074	0.774913941096571
SNP_105	0.116980008903349	0.0968325718395342	1.20806466957422	0.227022388214179
SNP_106	0.0385710143719358	0.108493227080188	0.355515412436093	0.722203500636966
SNP_107	0.0922523636986487	0.0966537845801815	0.954461991316217	0.339849839973343
SNP_108	-0.0167704261077282	0.104954578911411	-0.159787465031741	0.87304849866199
SNP_109	0.30026441286731	0.185011134622531	1.6229531994381	0.10459940979136
SNP_110	0.0181630159221286	0.104377786175631	0.174012273948468	0.861855816179812
SNP_111	0.0923594500094524	0.106523202617003	0.867035985967534	0.385922292765847
SNP_112	0.106382110232766	0.102234958559439	1.04056490785308	0.298077524952424
SNP_113	0.0900737057650463	0.118196823293283	0.7620653690628	0.446020990539116
SNP_114	0.0260186088998218	0.142042549556932	0.183174752783448	0.854660903552687
SNP_115	0.10500491515593	0.111527362254416	0.941517068397909	0.346439946572006
SNP_116	0.0913227959827434	0.216951817769434	0.420935841523102	0.673801932183562
SNP_117	-0.0787029945672543	0.107739608972326	-0.730492669483049	0.465089092164767
SNP_118	0.0441995265093293	0.146352649714058	0.302007012484472	0.762646717223181
SNP_119	-0.191067302217503	0.161795263645708	-1.18092024396891	0.23763440843789
SNP_120	-0.0409726885455153	0.101403257264014	-0.404056927272449	0.686170857796486
SNP_121	-0.221233349808648	0.159060907620939	-1.39087191892475	0.164264269472803
SNP_122	-0.262631028372604	0.134204417632213	-1.95694771458525	0.0503536159006275
SNP_123	-0.166547407328308	0.117587642116152	-1.41636828778142	0.156667703721015
SNP_124	-0.14501574605717	0.103871408454104	-1.39610840187313	0.162681854110979
SNP_125	-0.255712138116546	0.123446230162031	-2.0714455012592	0.0383171824614989
SNP_126	-0.164333117926849	0.108635158885759	-1.51270656399243	0.130354211514969
SNP_127	-0.0541325700046889	0.0983332406721099	-0.550501230659049	0.581975633024986
SNP_128	-0.168155309224555	0.0986156969938548	-1.70515764072563	0.0881650277838882
SNP_129	-0.142580677111683	0.144101227070487	-0.989448042950667	0.322443978685908
SNP_130	-0.156123125445722	0.10007858297566	-1.56000535582816	0.118758615534538
SNP_131	-0.198355682843039	0.166236090846394	-1.19321671866264	0.232784508631494
SNP_132	-0.206646702355195	0.103224302459765	-2.0019190968691	0.0452934334154895
SNP_133	-0.185014063047116	0.11398194914522	-1.62318739444784	0.104549351697912
SNP_134	-0.0507351021948455	0.110253750676405	-0.46016667808203	0.645396586796844
SNP_135	-0.0926144256454729	0.116395610385035	-0.795686584220019	0.426214226489033
SNP_136	-0.13644433802204	0.187262346680377	-0.728626659020383	0.466230066568058
SNP_137	-0.157944527085554	0.163142888345772	-0.968136145480026	0.332976380099093
SNP_138	-0.0531707612058427	0.106276556385201	-0.500305646083643	0.616859879122751
SNP_139	-0.0520748827989078	0.099252064836144	-0.524673042166716	0.599810500583917
SNP_140	-0.196411075401273	0.130521396908836	-1.50481898028151	0.132370622610037
SNP_141	-0.0660294943421504	0.0968645053146525	-0.681668626992536	0.495448509643871
SNP_142	-0.12855332165962	0.0991633289945599	-1.29637964924183	0.19484471981475
SNP_143	-0.228303273800473	0.155690548941715	-1.46639134714556	0.14254170228575
SNP_144	-0.151783185743315	0.0970372986490707	-1.56417365133205	0.117776793209261
SNP_145	0.0445718907166605	0.17671444173992	0.252225512967747	0.800866758932074
SNP_146	-0.210370964104888	0.166194294612205	-1.26581339386989	0.205579898677363
SNP_147	-0.10098701657573	0.140034372193094	-0.721158776907138	0.470811831399911
SNP_148	-0.098292097714951	0.100813591417143	-0.97498855395639	0.329565937658578
SNP_149	-0.0932651613212263	0.101592833528552	-0.91802894044701	0.358603714753645
SNP_150	-0.056149421804395	0.0991471596417422	-0.566324058170551	0.571173508777927
SNP_151	0.156026033808837	0.101919722869884	1.5308718412434	0.125801069814348
SNP_152	0.0215689095357428	0.101756193945536	0.211966551611465	0.832133129324468
SNP_153	0.0383667091330397	0.100761028909719	0.38076932667506	0.703374421515505
SNP_154	-0.0447960428140073	0.163368720798515	-0.27420207855612	0.783929330860557
SNP_155	0.041707577641843	0.0990847741314121	0.42092822037953	0.673807497440721
SNP_156	0.0475168780374181	0.111561462999251	0.425925554935912	0.670162093024226
SNP_157	-0.0560654006569717	0.108556922523975	-0.516460851629148	0.605532574583179
SNP_158	0.00750142217199044	0.113891622405378	0.0658645650449195	0.947485652295652
SNP_159	0.11064936794152	0.126243539561159	0.876475487982624	0.380771596257832
SNP_160	0.078290918079116	0.113406318352183	0.690357638063725	0.489969309643133
SNP_161	0.00685163843849023	0.0986017121535646	0.0694880270214713	0.944601162669722
SNP_162	0.0409133363131042	0.0995050637248488	0.411168384618472	0.68094906888914
SNP_163	0.0669236058799512	0.114779140450953	0.583064184110603	0.559850093284265
SNP_164	0.0910887859740813	0.0975653928124033	0.933617785450062	0.350501087626725
SNP_165	0.151049428824703	0.150321958969401	1.0048394117552	0.314974182835167
SNP_166	0.00854919308938677	0.0998947995719842	0.0855819634857591	0.931798736900625
SNP_167	-0.0456177098202042	0.0977227673401249	-0.466807388511946	0.640637689220434
SNP_168	0.00739228783853103	0.102473453985341	0.0721385641942795	0.942491636367729
SNP_169	0.0970690263158372	0.109818628241112	0.883903103421736	0.376748521796319
SNP_170	0.0406313720707693	0.0984679423137551	0.412635535139982	0.679873662034418
SNP_171	0.0954968730651282	0.108589384571877	0.879431018433639	0.379167619930324
SNP_172	0.22784870140195	0.116469113839537	1.95630149393824	0.0504296483169471
SNP_173	0.142070203086835	0.103909900963508	1.36724413910016	0.171548794441474
SNP_174	0.00718151201903913	0.121642706979143	0.059037752425803	0.95292203845109
SNP_175	0.428600216744333	0.254337267965582	1.68516482139115	0.0919567761624013
SNP_176	0.0794380724649383	0.124571231900861	0.637691955460136	0.523674223208128
SNP_177	0.0055824802398072	0.158871324141423	0.0351383754744678	0.971969401091342
SNP_178	0.0389798369272764	0.113520325925496	0.343373194267069	0.731317722890988
SNP_179	0.12437036607855	0.119201772972557	1.04336003548523	0.296781575558741
SNP_180	0.0976349532988246	0.104446321281129	0.934785946515328	0.349898623496232
SNP_181	0.0728156623254049	0.114620927416175	0.635273714554936	0.525249913851586
SNP_182	-0.0682574627924154	0.214788748331148	-0.31778881958556	0.750645132102765
SNP_183	0.417270699170345	0.0790511088452391	5.27849267727856	1.30250870375767e-07
SNP_184	-0.0448242488007436	0.0983314985515178	-0.455848323894498	0.648499051783226
SNP_185	0.192835147101452	0.200228076117194	0.963077460668325	0.335508651930965
SNP_186	-0.0837713693394796	0.104269075736345	-0.803415286343421	0.421734742549248
SNP_187	-0.099227993110595	0.106048617480624	-0.93568398596733	0.349435918162791
SNP_188	-0.0548454146948623	0.107627216318832	-0.509586855172299	0.610340934837928
SNP_189	-0.114486178180573	0.201885059566653	-0.567085937049122	0.570655796859861
SNP_190	-0.104168116010131	0.101376006058265	-1.02754211830225	0.304165263462125
SNP_191	0.0976136825577995	0.153331294395733	0.636619438598544	0.524372760314482
SNP_192	-0.0330406381101064	0.103511507616829	-0.319197728550275	0.749576579301084
SNP_193	-0.0538895617412398	0.118147603100291	-0.456120651855247	0.648303220243915
SNP_194	-0.0408666317129141	0.106806852304645	-0.382621815277829	0.702000192721658
SNP_195	-0.295636964892641	0.155717773444631	-1.89854348898561	0.0576245246003686
SNP_196	-0.0804983962264414	0.0979168709363504	-0.82210956555963	0.411014541852765
SNP_197	-0.0475991037657008	0.0984501606803545	-0.483484266930192	0.628751928200183
SNP_198	0.00701240380926375	0.0966617039227544	0.072545832782625	0.942167532244014
SNP_199	-0.012045823343151	0.1086266043305	-0.110892017820065	0.911701975419442
SNP_200	-0.0713850869108072	0.0973513957949168	-0.733272351443106	0.463392334775404
SNP_201	0.134253855926888	0.0941018238201309	1.42668707658106	0.153670112352349
SNP_202	0.123109102964592	0.113809409813821	1.08171286685332	0.279380134025225
SNP_203	0.163197829571899	0.111813898609519	1.45954869297443	0.144414148899314
SNP_204	0.0597417562511681	0.0974707376326903	0.61291991527036	0.5399292942657
SNP_205	0.161346388636053	0.108410395300802	1.48829259581953	0.136673746751276
SNP_206	0.09054494630008	0.108684029487412	0.833102588550666	0.40478687382401
SNP_207	0.131499905017107	0.1166793218509	1.12701979177721	0.25973411311327
SNP_208	0.190902626430717	0.112325564813965	1.69954744271166	0.0892160834588562
SNP_209	0.146185544849491	0.169516350672258	0.862368404403215	0.388484821470929
SNP_210	0.112300075423439	0.124361454308591	0.90301352656087	0.366518715985173
SNP_211	0.0100033499232199	0.135018182260678	0.074088909772956	0.940939639727203
SNP_212	0.014330469853451	0.100873117003319	0.142064310880563	0.8870292079948
SNP_213	0.059506892532274	0.122810991260498	0.484540446433269	0.628002366928073
SNP_214	0.0534893344795951	0.10083071097864	0.530486534910246	0.595774642394743
SNP_215	0.0576143579052357	0.166859539158955	0.345286569743854	0.7298789423235
SNP_216	0.133697109293564	0.0995669412050066	1.34278614644075	0.17934123049958
SNP_217	0.182514973360004	0.0998454700129175	1.82797450236241	0.0675533784340696
SNP_218	0.0848844749091627	0.100456030728265	0.844991328980305	0.398115680357455
SNP_219	0.0175130377557446	0.0986149020337043	0.177590175466168	0.859044840737923
SNP_220	0.0332990503136369	0.099530466572009	0.334561380655696	0.737955981356577
SNP_221	0.103548293863874	0.0980292326530057	1.05630015722355	0.290831104170713
SNP_222	0.121182469169604	0.0992101132661053	1.22147294444231	0.221907003410388
SNP_223	0.3157531351478	0.190709164392435	1.65567887706777	0.0977868671522096
SNP_224	0.0757217012209647	0.0982288244519497	0.770870481688451	0.440783705156339
SNP_225	0.0545686113155386	0.120437730612716	0.453085682019463	0.65048704498708
SNP_226	0.201453177020425	0.135973044044188	1.48156701526045	0.138455541077551
SNP_227	0.0993231152430613	0.133561505017591	0.743650763968101	0.457087783477649
SNP_228	0.281291906114936	0.1002185130811	2.80678586687179	0.00500384921287688
SNP_229	0.161655497183589	0.101169628056975	1.59786588414213	0.110072828077638
SNP_230	0.0857997426768718	0.104987765628338	0.817235628964684	0.413793785122448
SNP_231	0.00918321703970778	0.119390326132422	0.0769175974066963	0.938689098313355
SNP_232	0.00661167873208012	0.10452617694516	0.0632538080441704	0.949564397902449
SNP_233	0.0760948616518388	0.0999953796753883	0.760983776439102	0.446666757485698
SNP_234	0.0176710712522579	0.101770629023584	0.173636258533519	0.862151334651144
SNP_235	0.0150798375488409	0.104209994866289	0.144706249800604	0.884942804474107
SNP_236	0.0588915086879344	0.114404169884036	0.514767151823477	0.606715741924923
SNP_237	0.0732489384804795	0.129692387091312	0.564789808586895	0.572216739799954
SNP_238	0.20111819960767	0.151832496305967	1.32460576293486	0.185301943504066
SNP_239	0.0875783003908892	0.151260414236668	0.578990219171693	0.562595772814851
SNP_240	0.242720290556801	0.176028736531403	1.37886742437363	0.167935633565756
SNP_241	0.0579420796488355	0.100550768021049	0.576247012222782	0.564448232769672
SNP_242	0.0823680075693348	0.102783377205111	0.801374792394342	0.422914703796249
SNP_243	-0.242342108350903	0.157341347867837	-1.54023155155926	0.123503921618741
SNP_244	-0.0161362565988172	0.103140615509961	-0.156449101249146	0.875679036431475
SNP_245	-0.232340753466207	0.154724376230825	-1.50164285115353	0.133189370379658
SNP_246	0.279636158812896	0.158850791076595	1.76036994790955	0.0783451013172789
SNP_247	-0.0505665374781332	0.101904492972042	-0.496214995073929	0.619742732553329
SNP_248	0.0377662158399736	0.123728188677664	0.305235340819236	0.760186917819197
SNP_249	0.0620945505634274	0.131112985764305	0.47359573272972	0.635788219059443
SNP_250	0.0800972145759755	0.100991616117505	0.7931075633326	0.427715156638547
SNP_251	-0.0043097236232283	0.140189468507619	-0.0307421354050861	0.975475187835376
SNP_252	0.149873348534131	0.110199290230481	1.3600209966931	0.173823279594308
SNP_253	0.192471316289856	0.176132121213628	1.09276669674812	0.274496247277553
SNP_254	-0.0143276513454863	0.200148791811804	-0.0715850004178808	0.942932177380521
SNP_255	0.0626254775523939	0.0981561082776603	0.638019157964589	0.52346120917474
SNP_256	0.162853244963359	0.170440218816475	0.955486012011724	0.339331975803531
SNP_257	0.0950730587454083	0.192825139358929	0.493053234974912	0.621974972953205
SNP_258	0.0181640997074798	0.0971013558476018	0.187063296376499	0.851611005385862
SNP_259	0.327602951358607	0.161106547346626	2.03345523043057	0.0420065522608632
SNP_260	-0.075808623894466	0.116108628582813	-0.652911198932958	0.51381352875538
SNP_261	0.146113849849246	0.136067994404878	1.07382967235099	0.282899028344396
SNP_262	0.0616310731167498	0.0970019464101969	0.635359138631379	0.525194211456105
SNP_263	0.104285665490667	0.141771191116217	0.735591375579113	0.461979412734784
SNP_264	0.109437051986529	0.10126381911925	1.08071227155332	0.279825122661939
SNP_265	-0.00246886912513721	0.10801880314062	-0.0228559200190657	0.981765201929717
SNP_266	-0.0455301846308714	0.0966764754725121	-0.470954122068889	0.637673497356785
SNP_267	0.0652887645829923	0.116786540585179	0.559043570053979	0.576131985145859
SNP_268	0.100623726452856	0.0990225942423944	1.01616936238352	0.309548743283045
SNP_269	0.0154748546419163	0.119813910748932	0.129157412066647	0.897233094127932
SNP_270	0.0069519202540773	0.106834700200392	0.0650717439281192	0.948116877815901
SNP_271	0.157822766024014	0.157766655720075	1.00035565375765	0.31713842287486
SNP_272	0.074841463518284	0.103890989585622	0.720384547464567	0.471288261495269
SNP_273	0.0503027031305871	0.105116973091184	0.478540255215984	0.632265729898978
SNP_274	0.0298264190620269	0.12783216441725	0.233324838064011	0.815509172814561
SNP_275	0.197051212062376	0.153270579258108	1.28564276990525	0.198567762873539
SNP_276	0.143834132855182	0.109325751516515	1.31564732791664	0.188292440615482
SNP_277	0.0881467312907436	0.0965219441208771	0.91322996126513	0.361121609341942
SNP_278	0.370296460137511	0.0759786862065139	4.87368864382606	1.09533574700482e-06
SNP_279	0.141957748312146	0.186400741685447	0.76157287266432	0.446314970499927
SNP_280	0.0209524435006039	0.0956797545915284	0.218985130031459	0.826661631170947
SNP_281	0.161443177590822	0.13396900985034	1.20507853100634	0.228172986904617
SNP_282	-0.0325326949202259	0.123553952206979	-0.263307602380269	0.792313500532415
SNP_283	0.087972191433494	0.102494614237803	0.858310381357065	0.390721098526024
SNP_284	0.170414387112582	0.113742028626887	1.49825345274613	0.13406741265321
SNP_285	0.242035136365404	0.100625491215319	2.40530638352358	0.0161589120053539
SNP_286	0.192975168778558	0.105663318487263	1.82632129618208	0.0678018792208835
SNP_287	0.152361879062088	0.0999576706790637	1.52426400122187	0.12744277594141
SNP_288	0.143473098367548	0.116310457301063	1.23353567423586	0.21737597551701
SNP_289	0.206199634048682	0.159505031033092	1.29274689778219	0.196098611826492
SNP_290	0.0411165566548546	0.160730366641401	0.255810756324522	0.798096967855707
SNP_291	0.00602557272845907	0.0974555988132982	0.0618289026164893	0.950699086554017
SNP_292	0.0168210654329442	0.103288418201258	0.162855291288984	0.870632373164223
SNP_293	-0.114219379992714	0.098982679790176	-1.15393299347761	0.248527641255398
SNP_294	0.0111410989795795	0.100168179373072	0.111223934080752	0.911438772730416
SNP_295	0.0414051927136131	0.0976819920257346	0.423877439996358	0.671655197795785
SNP_296	0.20121871799839	0.127066070703098	1.58357551221173	0.113290350142695
SNP_297	0.523809057552052	0.080786065687208	6.48390354321952	8.93793755138865e-11
SNP_298	0.13078795734886	0.143870179027327	0.909069261142841	0.36331356705325
SNP_299	0.0922686492271448	0.104375729090461	0.884004835522409	0.376693602529476
SNP_300	0.0575175477720736	0.106718087822527	0.538967188652459	0.589909494852332
SNP_301	-0.109195992469747	0.108365597077394	-1.00766290607674	0.313616318405742
SNP_302	-0.0946462327603894	0.156311748411799	-0.605496603563325	0.544849080745165
SNP_303	-0.068627173021461	0.123209824493821	-0.556994324952573	0.577531306589617
SNP_304	-0.0393756635001808	0.0992565191083368	-0.39670606881955	0.69158422437579
SNP_305	0.0182888083421489	0.0999410259061416	0.182996003656443	0.854801154292015
SNP_306	-0.0843910965490556	0.100317027835354	-0.841243987885716	0.400211262385012
SNP_307	-0.0854528234830426	0.109584075100901	-0.779792350342515	0.435513109746551
SNP_308	-0.0185544735389751	0.112029854048579	-0.165620795425918	0.868455380927504
SNP_309	-0.0713642995282785	0.0966566316304729	-0.738328020793345	0.460315142878862
SNP_310	0.0196349154424406	0.135795143420689	0.144592177215147	0.885032874002489
SNP_311	-0.0686448272754956	0.130366980302636	-0.526550719485428	0.598505621786845
SNP_312	-0.134406304842298	0.139073198774749	-0.96644289501092	0.333822608623734
SNP_313	-0.00545797319222937	0.102378333656231	-0.0533117994531571	0.957483478968257
SNP_314	-0.0411076138924352	0.105274087476638	-0.390481787852663	0.69618031979592
SNP_315	0.0240083238050109	0.122895040821811	0.195356327191601	0.845114003697753
SNP_316	-0.0914146638848883	0.112807947055197	-0.810356595179939	0.417735256616541
SNP_317	-0.0924018386515696	0.180083205732535	-0.513106362560025	0.607876921097483
SNP_318	0.0878747260747118	0.196993029255948	0.446080383689813	0.655539182032897
SNP_319	-0.0375849036111533	0.103192680769202	-0.364220633973206	0.71569325997239
SNP_320	-0.267084480139203	0.167110178997227	-1.59825380920473	0.109986502735758
SNP_321	-0.0254235179371072	0.0989118168079117	-0.257032160135933	0.797153946670183
SNP_322	0.0696196156419926	0.144850093766482	0.480632175179871	0.630777943576906
SNP_323	0.0191620101000517	0.104726306014939	0.182972271525726	0.854819775421065
SNP_324	-0.0013416520254512	0.101863227756881	-0.0131711124317928	0.989491276582028
SNP_325	-0.0373890693756999	0.122139009024142	-0.306118984216662	0.759514054014525
SNP_326	0.0988678843829068	0.105154796731007	0.940212785878109	0.347108424653872
SNP_327	-0.110341478753158	0.114746065429762	-0.961614486212604	0.336243292013116
SNP_328	0.135094318932506	0.100102159102057	1.34956448636411	0.177155722197822
SNP_329	-0.0841594340853897	0.114208013700061	-0.736896049224829	0.46118556678746
SNP_330	0.0212244483845397	0.112397315969488	0.188834121184009	0.850222828083009
SNP_331	0.0703235846761824	0.130945061130375	0.537046483991976	0.591235505590035
SNP_332	0.1185085898208	0.17420927880831	0.680265658818322	0.496336264706227
SNP_333	0.169925747308799	0.201352690358777	0.8439209180966	0.39871359823654
SNP_334	0.0239981888868258	0.121145102704698	0.198094585344679	0.842971061160116
SNP_335	0.0757826434150808	0.0958644086433656	0.79051907258936	0.429224688170884
SNP_336	0.0864008641213103	0.0960740916753064	0.89931492054395	0.368484942159154
SNP_337	0.127193438986259	0.10007586161731	1.27097021130477	0.203739246316872
SNP_338	-0.0618604654754902	0.108044037701613	-0.572548627313718	0.566950351965382
SNP_339	0.0871595987456638	0.0953350609291435	0.914244957691315	0.360588145689355
SNP_340	0.100270071148493	0.122556873782414	0.818151345199226	0.413270773416862
SNP_341	0.126391194724234	0.134781747593206	0.937747113249368	0.348374385741166
SNP_342	0.0843509624996488	0.10531088945627	0.800970943604793	0.423148467358618
SNP_343	0.151420198519782	0.125348077418706	1.20799777418194	0.227048118507367
SNP_344	0.186729346573077	0.171617148335463	1.0880576235195	0.276569669737807
SNP_345	0.0180179898225812	0.113814310944299	0.158310406425069	0.874212208407945
SNP_346	0.0512569376116037	0.106161936090258	0.482818414012583	0.629224674946954
SNP_347	0.0537967825973041	0.169644201462046	0.317115363411581	0.751156067744657
SNP_348	0.0441279516879181	0.0988328964651321	0.446490523562529	0.655242956368622
SNP_349	0.0676794788391276	0.103379125387544	0.654672581001367	0.512678582358183
SNP_350	-0.0593475335403463	0.103191125634851	-0.575122455300579	0.565208482176187
SNP_351	-0.0190552798435818	0.154616888607034	-0.123241904653842	0.901915543361158
SNP_352	0.0543736740305452	0.0999595677927823	0.543956673995056	0.58647128766406
SNP_353	0.0411547464685966	0.104998837605611	0.391954305467448	0.695091976759253
SNP_354	-0.0413822674621992	0.124650209123921	-0.331987148301204	0.739898963362042
SNP_355	-0.22150015118514	0.150749883990996	-1.46932219993197	0.141745418195208
SNP_356	-0.0737581246070094	0.194049660817092	-0.380099219428848	0.703871765188381
SNP_357	-0.111642887371518	0.153140268317587	-0.729023715303866	0.465987155935076
SNP_358	-0.0107978485261072	0.114652619086095	-0.094178821314137	0.924967108130704
SNP_359	-0.0338845278811041	0.114580768033198	-0.29572613679188	0.767439235204913
SNP_360	-0.149318888664232	0.143156528299018	-1.0430463104857	0.296926844824007
SNP_361	-0.172963921818724	0.169898208271362	-1.01804441364364	0.308656849794179
SNP_362	-0.201199755983328	0.141639298675881	-1.42050799364477	0.155459843081464
SNP_363	-0.0430407063052245	0.10754453572161	-0.400212860806241	0.688999742896874
SNP_364	-0.0458165281321323	0.126488236329411	-0.362219677194432	0.717187876270895
SNP_365	-0.37327376563922	0.18909042258668	-1.97404903184935	0.0483761679447485
SNP_366	-0.017418960696448	0.107928596339714	-0.161393377540281	0.871783582256808
SNP_367	-0.103878391327932	0.103545303650503	-1.00321683036976	0.315756254220631
SNP_368	0.00253190371851141	0.139910507360356	0.0180965945037293	0.985561794700112
SNP_369	0.0175846910899087	0.108661243070397	0.161830387661922	0.871439422556136
SNP_370	0.078881893858309	0.117191137348502	0.673104601960903	0.500880746398747
SNP_371	-0.0644360168904718	0.0954056358095096	-0.675390047388051	0.49942798705766
SNP_372	0.0681347880481733	0.114546647897886	0.594821317764907	0.551962916258343
SNP_373	0.0783092405041142	0.0991129641388828	0.790100883214257	0.429468854115362
SNP_374	0.0939118845761191	0.0964696644709668	0.973486174033315	0.330311728484738
SNP_375	0.0914673893751502	0.0990368073672308	0.923569648564972	0.355710422348848
SNP_376	0.0403769128385725	0.100516515776747	0.401694313880237	0.687909009736986
SNP_377	0.119274256009051	0.111159258135005	1.07300334682145	0.283269614497462
SNP_378	-0.0127949834587425	0.099974184780515	-0.12798287364716	0.89816252642354
SNP_379	0.0537050101716525	0.111910853792265	0.479890987797686	0.631304909828194
SNP_380	0.0318580969596388	0.100163130399312	0.318062113600413	0.750437821422995
SNP_381	0.100217104966456	0.162114057776569	0.618188862464837	0.536450850864072
SNP_382	0.00913582123323184	0.104161067565731	0.0877085982962559	0.930108285511945
SNP_383	-0.0596531026051451	0.168154714027942	-0.354751295257965	0.72277591888584
SNP_384	-0.0183612909949828	0.109406769376842	-0.167825913328443	0.866720235742639
SNP_385	0.000756497189220862	0.103108308204197	0.00733691787205633	0.994146039026196
SNP_386	0.0145434229016147	0.114010438567478	0.127562204692398	0.898495442995139
SNP_387	-0.0470102618485106	0.0995703974484003	-0.472130904899444	0.636833354444776
SNP_388	-0.0377009576389781	0.100442285522308	-0.375349460069832	0.707400586674386
SNP_389	0.0777413658585943	0.126257060151199	0.61573876158288	0.538066950347584
SNP_390	-0.0302651861064875	0.142672024257109	-0.212131188746202	0.832004688260452
SNP_391	0.0555045045997294	0.116919842415016	0.474722711331682	0.634984627885648
SNP_392	-0.0106230428253615	0.0980131538292727	-0.108383848599195	0.913691212608397
SNP_393	-0.0472729971255524	0.163755074345866	-0.288681113024366	0.772825417261991
SNP_394	0.0889387551645254	0.139055718584613	0.639590777494043	0.522438679808929
SNP_395	0.0360824702838949	0.133885134252568	0.269503186334542	0.787542490557647
SNP_396	-0.040142952230604	0.104628131468613	-0.383672647758661	0.701221087838119
SNP_397	-0.104813680454477	0.18743835539037	-0.55919014139975	0.576031960648526
SNP_398	-0.0204510510624259	0.117981119138017	-0.173341727997188	0.862382825910188
SNP_399	0.0436885258652151	0.113246699057527	0.385781892353632	0.699658206975841
SNP_400	-0.0733326940604636	0.168024668597394	-0.436440045813611	0.662517489456064
SNP_401	-0.00424526766622982	0.111755612765891	-0.0379870644629093	0.969697995648265
SNP_402	0.190486543437678	0.134397515229824	1.41733679459728	0.156384482399912
SNP_403	0.132299559511582	0.145613420881006	0.908567072397098	0.363578694184619
SNP_404	0.216401491163638	0.147138061327865	1.4707376814041	0.141362071516451
SNP_405	0.104033651943415	0.0983089215900944	1.05823205321274	0.289949661437516
SNP_406	0.15724119343914	0.105723867357375	1.4872818916813	0.136940375114604
SNP_407	0.0478929901288891	0.123741207030332	0.387041562615026	0.698725438660338
SNP_408	0.0583772058575776	0.224657317698067	0.259850008251389	0.794979474497985
SNP_409	0.0271232612280403	0.105204445198267	0.257814783176929	0.79654985476178
SNP_410	0.0540816378007545	0.123395382761469	0.438279266131844	0.661183854130792
SNP_411	-0.00222859283639153	0.105259496863987	-0.0211723683162884	0.983108156229722
SNP_412	0.120844306828631	0.100292170497001	1.20492263982107	0.228233167723356
SNP_413	0.123181967580392	0.120049302019638	1.02609482527638	0.304846889228107
SNP_414	-0.0280097709369723	0.0966357036259234	-0.289849091857375	0.771931689254836
SNP_415	-0.0408481724093073	0.0976307879810988	-0.418394373885576	0.675658799349965
SNP_416	-0.226456666059791	0.175112951713414	-1.29320340867993	0.195940717048062
SNP_417	0.0634710762342901	0.164901596572912	0.384902739290497	0.700309476313348
SNP_418	-0.0924947187626362	0.0978971363898991	-0.944815366143639	0.34475314556252
SNP_419	-0.0811290631770831	0.208273746226521	-0.389530916147473	0.6968834452185
SNP_420	0.00405822135390266	0.0968411417443283	0.0419059635275349	0.966573662368425
SNP_421	0.00350519365376042	0.120954206577917	0.0289795101214809	0.976880932284832
SNP_422	-0.143581112865485	0.106251453135438	-1.35133316889759	0.176588731468187
SNP_423	-0.0974579140347916	0.110104397987502	-0.885140973622632	0.37608060299109
SNP_424	-0.0341482246953864	0.128165742468238	-0.266438004709793	0.78990189914549
SNP_425	-0.164294570645127	0.209871422343632	-0.782834407898185	0.433724359279577
SNP_426	0.0109175600871765	0.11017125321432	0.09909626847884	0.921061834828699
SNP_427	-0.141179191284097	0.166060251924296	-0.850168475888251	0.395231425451089
SNP_428	-0.089428683628329	0.108382849810262	-0.825118400050244	0.409304374349164
SNP_429	-0.0669217806894753	0.113737698568776	-0.588386977506922	0.556272576643693
SNP_430	-0.150367130933743	0.100233885432154	-1.50016264744644	0.133572276264501
SNP_431	-0.00878318195144077	0.0996471136099366	-0.0881428636841613	0.929763128640835
SNP_432	-0.0673349826357765	0.1089428611277	-0.618076135863994	0.536525152292693
SNP_433	-0.0765326496540445	0.10543462736212	-0.72587774594384	0.467913720186115
SNP_434	-0.0827211183555243	0.101304725699692	-0.816557349957624	0.414181436886723
SNP_435	-0.144018047409195	0.108600876135788	-1.32612233467734	0.184799179228672
SNP_436	-0.325448430690867	0.132569039103977	-2.45493542753681	0.0140909897082074
SNP_437	-0.363263018263949	0.246447529353811	-1.47399740308385	0.140482290377239
SNP_438	-0.184831344344781	0.108625543493156	-1.70154586482161	0.0888405330508758
SNP_439	-0.132703311704707	0.0974924797337524	-1.36116459512686	0.173461680036197
SNP_440	-0.325133138203985	0.203457899486825	-1.59803644402138	0.110034866629547
SNP_441	0.268094373225911	0.141362861476402	1.89649792332949	0.0578942343340592
SNP_442	0.0141459569258328	0.0978828305556769	0.144519287453446	0.885090427140096
SNP_443	0.059281262132787	0.101131809774448	0.586178199173937	0.557755770341966
SNP_444	-0.00509492658246539	0.103067356637766	-0.0494329800304446	0.9605742460164
SNP_445	-0.0182850507756031	0.100109081740572	-0.182651268573094	0.85507165444107
SNP_446	-0.0692470836912736	0.102971865554258	-0.672485472789513	0.501274685363656
SNP_447	0.0509813565274843	0.0989144292720447	0.515408691155363	0.606267460441702
SNP_448	0.139387713200373	0.0974741925448808	1.42999607958993	0.152718144270002
SNP_449	0.0200454899007913	0.12490445966875	0.160486582736537	0.872497790061994
SNP_450	0.0807074433050785	0.11249504450188	0.717431098075879	0.473108136853941
SNP_451	0.133018186147628	0.100101734826405	1.32882997860433	0.183904069293744
SNP_452	0.0691159826748065	0.100485150757084	0.687822848988797	0.491564345558296
SNP_453	0.0425630449262753	0.127595709912709	0.333577398138179	0.73869847593079
SNP_454	0.0706137258897919	0.122999594630916	0.574097224480145	0.56590201144327
SNP_455	0.00413898379614551	0.115999437524822	0.0356810678091422	0.971536666638302
SNP_456	0.0850963963577834	0.116448899981129	0.730761702099149	0.46492471998831
SNP_457	0.0368123769118302	0.165140399930989	0.222915633771106	0.823601168527696
SNP_458	-0.228015112710912	0.196278199335135	-1.16169352217048	0.245359977931499
SNP_459	-0.0717096511770704	0.129835311889776	-0.55231238815792	0.580734344515666
SNP_460	-0.177225763683236	0.10514198836719	-1.68558504965977	0.091875750786803
SNP_461	-0.0531762590465675	0.132827692314076	-0.400340155882784	0.688905995318483
SNP_462	0.00138703284692822	0.116610885417386	0.0118945400505588	0.99050975391647
SNP_463	-0.0289355055656585	0.103093987571215	-0.280671125905093	0.778962657062409
SNP_464	-0.029200826602581	0.140955045216074	-0.20716411078311	0.835881694733282
SNP_465	0.0132247680508869	0.117174528504275	0.112863846944385	0.91013849909838
SNP_466	0.0138563413381557	0.113061874363418	0.122555383202094	0.902459187057542
SNP_467	-0.0482247833099411	0.105377338987999	-0.457639031058029	0.647211797157513
SNP_468	0.0493436715207841	0.214263427316127	0.230294419065658	0.817862997019071
SNP_469	-0.29103296429915	0.168487307961389	-1.72732870992184	0.0841086458638375
SNP_470	-0.147106638121985	0.0988602554612114	-1.48802607717015	0.136744016666982
SNP_471	-0.0902827905908636	0.111255288599425	-0.811492125250123	0.417083113323066
SNP_472	-0.0357465284945954	0.196363995108207	-0.182042173642358	0.855549629046479
SNP_473	-0.0893933840341294	0.164512146114536	-0.543384705296424	0.586864954121314
SNP_474	-0.060424512680562	0.0979057267857952	-0.617170360348408	0.537122363533474
SNP_475	0.0360276324802666	0.212776164269766	0.169321749942768	0.865543568999835
SNP_476	0.0433948690689581	0.100648642623745	0.431152054689713	0.666357812998497
SNP_477	-0.133843334007093	0.149649003974186	-0.894381722915983	0.371117688076959
SNP_478	0.143665326251517	0.209512938485367	0.685710998519313	0.492895369741297
SNP_479	0.0274882135624162	0.100839230494515	0.272594439957685	0.78516498640802
SNP_480	0.0669122704446066	0.108724643117768	0.615428742977147	0.538271614280235
SNP_481	0.067412400336996	0.103909888114063	0.648758280472758	0.516494627351463
SNP_482	0.0386816862419117	0.0991426874562896	0.390161768198646	0.696416930338981
SNP_483	0.0167078944463026	0.104788695750166	0.159443672112659	0.873319333606476
SNP_484	-0.0156767969252981	0.11978445407407	-0.130875054250398	0.895874148747926
SNP_485	0.0618932075750377	0.106773091057686	0.579670467174156	0.562136862750574
SNP_486	0.119044142041325	0.0978767686994018	1.21626555129678	0.223883779833779
SNP_487	0.0520093681734006	0.126949548587396	0.409685333678801	0.682036790104188
SNP_488	-0.0761331894312666	0.09725754055156	-0.78279986312121	0.433744647971433
SNP_489	0.223283543995643	0.130811219806292	1.70691431764253	0.0878379792113379
SNP_490	0.0165112840652149	0.0989743821682946	0.166823815450945	0.867508679251924
SNP_491	-0.000360450481061976	0.102810884617134	-0.00350595642090123	0.997202657231614
SNP_492	0.0501104416774581	0.130901167159912	0.38281126719246	0.701859706711177
SNP_493	-0.0091092418748147	0.0963038819531864	-0.0945885221869118	0.924641666925387
SNP_494	-0.100781877666399	0.0955477480285251	-1.05478025119243	0.291525838760403
SNP_495	0.08923327710976	0.104217186143371	0.856224202666555	0.391873777768838
SNP_496	-0.0443456098850415	0.147224500636034	-0.301210801826199	0.763253753439551
SNP_497	0.002570236368768	0.110669584368178	0.023224415122201	0.981471263406745
SNP_498	0.0207324216506024	0.100906441132996	0.205461826002531	0.837211320266454
SNP_499	-0.0584731620882851	0.0973984154988508	-0.600350239670737	0.548272843078367
SNP_500	-0.0556601558837479	0.116465869754948	-0.47790958845592	0.632714556536708
SNP_501	0.103053407182302	0.0996190461288278	1.03447494416914	0.300914184333445
SNP_502	0.345472400906474	0.0772037133452396	4.47481585971895	7.64771934715551e-06
SNP_503	0.0429554216950878	0.0992859705640983	0.432643418310104	0.665273841480809
SNP_504	-0.0129785271902431	0.0990701825997431	-0.131003363975598	0.895772646273409
SNP_505	-0.0673140498424959	0.0978166004284366	-0.688165909954552	0.491348308775096
SNP_506	-0.0353369570343925	0.102976117819199	-0.343156819102811	0.731480487816625
SNP_507	0.00467064971106283	0.0982388648841435	0.0475438078053028	0.962079816211826
SNP_508	0.0181263359782088	0.0977837713985337	0.185371618612786	0.852937567683723
SNP_509	-0.170062003370226	0.151127832271032	-1.12528579821907	0.260467945806623
SNP_510	-0.111844845622689	0.110648639020178	-1.01081085689895	0.312106965798359
SNP_511	-0.0725730882841235	0.114556434464352	-0.633513853878778	0.526398136792172
SNP_512	-0.0618555462808039	0.123911445129806	-0.49919154938437	0.617644447319389
SNP_513	-0.138336847279681	0.103213644041041	-1.34029612620473	0.180149090405784
SNP_514	-0.0677890121435099	0.13093767282772	-0.51771969578765	0.604653854262733
SNP_515	-0.0796634392668448	0.147744396545057	-0.53919770312609	0.58975044505295
SNP_516	-0.0806164118456067	0.102844503202669	-0.783866996632197	0.433118156996459
SNP_517	-0.0269357279754113	0.124563418565843	-0.216241078524779	0.828799834899201
SNP_518	-0.120823839190131	0.145240528266177	-0.831887907820754	0.405472217895889
SNP_519	-0.136566483984138	0.109013469016483	-1.25274872193536	0.210297168526082
SNP_520	-0.0877269697386038	0.109480521865691	-0.801302078612906	0.422956787809489
SNP_521	-0.134439808708597	0.181415080744294	-0.741061923612023	0.458655895069854
SNP_522	0.0632749171057163	0.100855967556844	0.627379010270796	0.530410823169989
SNP_523	0.0252815843884392	0.10471692334587	0.241427876036201	0.809223509675099
SNP_524	0.207946343451276	0.149039378661091	1.3952442993213	0.162942182506845
SNP_525	0.208496718884761	0.114953125743647	1.81375423709419	0.0697155708393542
SNP_526	-0.14322457351661	0.178337600461413	-0.803109232971873	0.421911601587397
SNP_527	0.0522610813823571	0.0994945328829761	0.52526586002294	0.599398386847787
SNP_528	0.0495484369453383	0.101835724731892	0.486552602986693	0.626575418976709
SNP_529	0.0724935986660967	0.0998009843443832	0.726381599764017	0.467604868037752
SNP_530	0.0506701045473066	0.113252935289673	0.447406545514297	0.65458155064632
SNP_531	0.12735882825405	0.131372371524591	0.969449106962425	0.332321161050581
SNP_532	0.256670595473011	0.118684807878472	2.16262384429041	0.0305701227830656
SNP_533	0.0684306648824868	0.132710511625723	0.515638618555542	0.606106832634205
SNP_534	0.0780670849701245	0.101926040022889	0.765918944291309	0.44372453301154
SNP_535	0.094195510957474	0.100914796280274	0.933416252418142	0.350605092206336
SNP_536	0.0990294417133221	0.105193463983873	0.941402991810442	0.34649838099762
SNP_537	-0.00959158493001267	0.116855421622854	-0.0820807866405131	0.934582471602153
SNP_538	0.0387236577196698	0.100120317504579	0.386771223711897	0.69892558258577
SNP_539	0.0466763788244106	0.119730230120575	0.389846229957172	0.696650256420791
SNP_540	0.0891714287936758	0.104120667355191	0.856423907556044	0.391763345329251
SNP_541	0.140462294286565	0.130569898546404	1.07576321840095	0.282033166035136
SNP_542	0.044450570784395	0.10862981704057	0.409193092609133	0.682397963072367
SNP_543	-0.0182062955754695	0.100933870298058	-0.180378454939916	0.856855467367222
SNP_544	0.046968727998283	0.105755043920951	0.444127544719199	0.656950372917088
SNP_545	-0.0851845487012057	0.121801053387543	-0.699374482666977	0.484318030451738
SNP_546	0.070782053776273	0.178022153724351	0.397602502247397	0.69092321575068
SNP_547	-0.118913907877625	0.103165750096742	-1.15264908912227	0.249054445774865
SNP_548	-0.0792728280278131	0.126510969096559	-0.626608337552996	0.530916001700055
SNP_549	-0.083919660958002	0.106654597757766	-0.786835848826696	0.431377964930897
SNP_550	-0.12304220043787	0.100398472009328	-1.22553857618907	0.220372364740611
SNP_551	0.0324565539197586	0.110287455151322	0.294290532637877	0.768535906376612
SNP_552	-0.0671911303794591	0.162647953450444	-0.413107751767261	0.679527670267735
SNP_553	-0.0250938268545438	0.189101749885701	-0.132700130325136	0.894430539792663
SNP_554	-0.0624062430693838	0.10036006758898	-0.621823446004097	0.534057967594871
SNP_555	-0.0413908308381281	0.101038179518034	-0.409655350438498	0.682058787681426
SNP_556	-0.0870370457376904	0.104044465865014	-0.83653700380961	0.402852868532162
SNP_557	0.0346985169744602	0.108693204690752	0.319233544297296	0.749549421971027
SNP_558	-0.199930240260302	0.152835140609607	-1.30814313686531	0.190824764620516
SNP_559	-0.0303742946782935	0.104413845127667	-0.290902941474427	0.771125551588314
SNP_560	0.0302623631698554	0.132547450821735	0.228313430263972	0.819402584425071
SNP_561	-0.081097887844556	0.194499363703214	-0.416957085619586	0.676709797422859
SNP_562	-0.0497311828128673	0.0977761870114127	-0.508622644561323	0.611016753333524
SNP_563	0.0240822216065968	0.098270785105896	0.24505982709557	0.806410107947534
SNP_564	-0.0939981810557662	0.131423691571571	-0.715230107537927	0.474466868004035
SNP_565	0.00707944962783893	0.0984963541126478	0.071875245450632	0.942701190354314
SNP_566	-0.0921560749584469	0.124808770106404	-0.738378199543835	0.460284658401055
SNP_567	0.0280076536087093	0.0978551556937991	0.286215411034128	0.774713140965066
SNP_568	0.0322269243714551	0.0988663239156988	0.325964626731083	0.744451118463228
SNP_569	0.0430957649950474	0.104256142075841	0.413364278947684	0.679339741824658
SNP_570	-0.0367886570718653	0.0978297477772813	-0.376047755490673	0.706881393426631
SNP_571	-0.0211144935611105	0.104857847776157	-0.201363026315247	0.840414723773063
SNP_572	-0.102404968981004	0.099147609283419	-1.03285363833911	0.301672397745903
SNP_573	0.949764470634868	0.0990895061359311	9.58491476718009	9.25340145816239e-22
SNP_574	0.173556460073002	0.106521908105918	1.62930295897844	0.103248900074477
SNP_575	0.291951715863174	0.123934269346115	2.35569804383833	0.0184879391320375
SNP_576	0.183295211025711	0.128868561155578	1.42234234154618	0.154926892678553
SNP_577	0.152407686310112	0.101043115107762	1.50834310826195	0.131466735579675
SNP_578	0.131118040006449	0.107859678098453	1.21563537290336	0.224123853023874
SNP_579	0.0707645160657698	0.11195319110898	0.632090209888567	0.52732793208324
SNP_580	0.164723793015256	0.0982590657863524	1.67642335795681	0.0936552968506237
SNP_581	0.0288334977397103	0.107906510050509	0.267208139028996	0.789308909884788
SNP_582	0.0502036971634927	0.0958094074636224	0.52399548742178	0.600281678506054
SNP_583	0.0642240060904286	0.125970143510827	0.509835142681318	0.61016696300968
SNP_584	0.131994114726959	0.102370272971239	1.28937933733989	0.19726624124285
SNP_585	0.0679717277444512	0.0995594017858166	0.682725353158305	0.494780406117742
SNP_586	0.161645922555217	0.116969913284652	1.38194445063701	0.166988758044589
SNP_587	0.0506190681078675	0.0977287763442532	0.517954588212176	0.604489953910599
SNP_588	0.109291805846752	0.146824945075567	0.744368103052945	0.45665381049956
SNP_589	-0.0236327432457942	0.142872826684032	-0.165411042773437	0.868620462524188
SNP_590	0.0236204934736523	0.0942617000146405	0.25058420832622	0.802135592183999
SNP_591	-0.0132956847025202	0.122757409965341	-0.108308612134078	0.913750891310986
SNP_592	0.0481626469751896	0.115658358819899	0.416421670397273	0.677101473898176
SNP_593	0.100001539273729	0.148269695849501	0.674457033858317	0.500020793200787
SNP_594	0.0252651675458212	0.12172056463362	0.207566959797381	0.835567104720107
SNP_595	0.022820532526508	0.102329970929159	0.223009274011289	0.823528288638932
SNP_596	0.0831091740389424	0.12587133374169	0.66027086206536	0.509080025215475
SNP_597	0.0149714879466594	0.107705222241748	0.139004289996779	0.889446759034729
SNP_598	0.118811141131562	0.116266970728448	1.02188214234167	0.30683668537978
SNP_599	-0.00687848294730056	0.0994125301241407	-0.0691913075616434	0.944837342087658
SNP_600	0.0943837949821555	0.115093664979328	0.820060730528544	0.412181487216264
SNP_601	-0.0240970341741535	0.120147249563867	-0.200562511931196	0.841040673528848
SNP_602	-0.234824230406332	0.101247034876555	-2.31931958000192	0.0203777145377624
SNP_603	-0.191969925562653	0.161097905342001	-1.19163514358	0.233404338731304
SNP_604	-0.209618055260486	0.147450698911911	-1.42161452476881	0.155138185864277
SNP_605	0.0232295054240738	0.0996648856112249	0.233076125875346	0.815702293203562
SNP_606	0.0996363407224807	0.102196092130009	0.974952550981386	0.329583796995213
SNP_607	0.255238352219843	0.200910732742679	1.27040675595338	0.203939777977002
SNP_608	0.019918511707087	0.113595117719301	0.17534654751894	0.86080733866193
SNP_609	0.0895162178700004	0.147334771677327	0.607570207975391	0.543472564974165
SNP_610	0.251056233488398	0.143173249971477	1.7535135476663	0.079513896126743
SNP_611	0.139273490952729	0.102128693095606	1.36370579835336	0.172660178407467
SNP_612	0.0620418960097904	0.0981901499690774	0.631854580416966	0.52748190467754
SNP_613	0.162128126105876	0.102223791323275	1.58601167113003	0.112736662048603
SNP_614	0.0473483337225047	0.0988226669850341	0.479124224907584	0.631850256926964
SNP_615	0.0610683211433706	0.10631950875447	0.574384906954369	0.565707364066731
SNP_616	0.0955133594021906	0.106001365204802	0.901057823337014	0.367557576311567
SNP_617	0.04727143980602	0.101391156835299	0.466228429396542	0.641052001927338
SNP_618	0.0716579296160017	0.0992585350988736	0.721932169809091	0.470336181584413
SNP_619	-0.0068986138753571	0.10366781305467	-0.0665453786675239	0.946943630797176
SNP_620	0.111746175246197	0.188511340120978	0.592782244158274	0.553326892100152
SNP_621	0.0320012930728178	0.103764999006165	0.30840161306142	0.757776754705743
SNP_622	-0.0856352984066789	0.102541014321418	-0.835132156370641	0.403643303108974
SNP_623	0.116106103276716	0.0964016358977163	1.20439971993739	0.228435120247257
SNP_624	0.127515148537542	0.0969159076815103	1.31572980729426	0.188264745979766
SNP_625	0.0692623287764342	0.105193780502759	0.658426082277911	0.510264380161817
SNP_626	0.366660367730658	0.141527868407244	2.59072910414788	0.00957728486513302
SNP_627	0.177277568879291	0.134093236420129	1.32204705928538	0.186152480984352
SNP_628	0.309046958411621	0.164101763638533	1.88326408905853	0.0596645875024626
SNP_629	0.121255450217359	0.119182833702858	1.01739022684818	0.308967829391537
SNP_630	0.268994582722575	0.182572637689607	1.47335650142654	0.140654932847825
SNP_631	0.164057875142425	0.142283601586415	1.15303431536195	0.24889629996552
SNP_632	0.205561172317925	0.101261447532067	2.03000428423492	0.0423561038041711
SNP_633	0.0921210487721324	0.100538929656014	0.916272423899049	0.359524027756502
SNP_634	0.279875905518402	0.165596750199941	1.69010506051888	0.0910078569221081
SNP_635	0.235248843623122	0.158130465104091	1.48768830514897	0.13683311319058
SNP_636	0.0287058052019451	0.111505308245203	0.25743891168679	0.796839967659302
SNP_637	0.156322054717406	0.110695135994286	1.4121853983311	0.157895378732278
SNP_638	0.131982789971692	0.097669823570634	1.35131594536201	0.176594246328998
SNP_639	0.0712101126781906	0.0977587201839548	0.728427219016297	0.466352106262469
SNP_640	0.156761496098601	0.121841118485001	1.28660585234121	0.198231702841018
SNP_641	0.189142850404983	0.108117744561896	1.74941542825749	0.080219235900016
SNP_642	0.14767184374195	0.0985091325650772	1.49906754730984	0.133856109559573
SNP_643	-0.0745803248016859	0.11957096475037	-0.623732734425858	0.532803121541854
SNP_644	0.174235669707916	0.10299602171213	1.69167378323504	0.0907081897806771
SNP_645	0.238832184963572	0.109343109057608	2.18424541813368	0.0289442191594839
SNP_646	0.105480577780809	0.138266386657944	0.762879397736461	0.445535324046533
SNP_647	0.173928533898829	0.0978653862934236	1.77722216696054	0.0755316936781701
SNP_648	0.0622925545148124	0.106987397663668	0.582241982468242	0.560403698592593
SNP_649	0.0305772814863323	0.190447330605014	0.160555054193693	0.872443857082505
SNP_650	0.146151750080541	0.142448602119029	1.0259963797919	0.304893290496555
SNP_651	0.49582928386157	0.0873458635437666	5.67662009103755	1.37382118582915e-08
SNP_652	-0.216832266555811	0.170843769455622	-1.26918451428886	0.204375262862515
SNP_653	-0.1795276036271	0.117632259416321	-1.52617661615867	0.126965885388345
SNP_654	-0.106499065164043	0.0976236055941497	-1.09091509697758	0.275310243469666
SNP_655	-0.331403490119542	0.15978195402281	-2.07409836828151	0.0380701760987145
SNP_656	-0.0582891854527879	0.12362462956127	-0.471501396280415	0.637282722799163
SNP_657	-0.0717077772751519	0.132536452363278	-0.541041924666909	0.588478685902752
SNP_658	-0.164116823789971	0.118948089354047	-1.3797348463621	0.16766829966397
SNP_659	-0.0853180774637186	0.100427645969941	-0.849547718058188	0.395576589665844
SNP_660	-0.0848198455618412	0.104469312393657	-0.811911590288127	0.416842363366018
SNP_661	-0.0969479441138237	0.114596729923262	-0.845992238860075	0.397557073906333
SNP_662	-0.0436063847985868	0.131208487884815	-0.332344237034938	0.73962934002859
SNP_663	0.00736442807589762	0.0999890958578934	0.0736523119117319	0.941287045250028
SNP_664	-0.0790628805115002	0.110292839957839	-0.716845087511785	0.473469687790572
SNP_665	0.116604990912328	0.100467015587773	1.16062958803087	0.245792567480383
SNP_666	0.0420079702518207	0.111506054597059	0.37673263934969	0.7063723042936
SNP_667	0.124613194105007	0.138979283807282	0.896631430895872	0.369915620551618
SNP_668	0.109621048558128	0.110812917011226	0.98924431839496	0.322543619770861
SNP_669	0.023069710475454	0.132248705885629	0.174441861800939	0.861518217662545
SNP_670	-0.0618640063177405	0.21298487639793	-0.290461967835487	0.771462842431136
SNP_671	0.119461315968335	0.101787884356199	1.17363001229389	0.240543254510102
SNP_672	0.0677289867514278	0.0996682503476091	0.679544253212152	0.49679307801868
SNP_673	0.252483606438933	0.226015119844183	1.11710936247538	0.263947567864714
SNP_674	0.105507097825859	0.109916978969141	0.959879891308519	0.337115667763756
SNP_675	-0.087950795739651	0.117442090987128	-0.7488864937639	0.453925621544643
SNP_676	-0.104359568604092	0.169624007161648	-0.615240556748784	0.538395867593372
SNP_677	-0.107232909096447	0.171606402318634	-0.62487708877749	0.532051730527416
SNP_678	-0.109412021178247	0.10054424020548	-1.08819780182976	0.276507794940509
SNP_679	-0.012597689715949	0.110796827873758	-0.113700815787821	0.909474965811624
SNP_680	-0.159999471530621	0.129983420393156	-1.23092215181503	0.218351981703306
SNP_681	-0.00808669356739688	0.100083864380077	-0.0807991739476303	0.935601665017691
SNP_682	-0.0371661363317967	0.115741752600262	-0.321112610590558	0.748125054099311
SNP_683	-0.0347978359313889	0.114950589816248	-0.302719942429301	0.762103298607956
SNP_684	-0.104418003874205	0.0978284252093733	-1.06735852744975	0.285809968443879
SNP_685	0.0450174812394797	0.0987196504511553	0.456013377617798	0.648380358443157
SNP_686	-0.0133601919214727	0.0999402217841734	-0.133681831828679	0.89365417229817
SNP_687	0.00904335891414753	0.109081655862417	0.0829044887763143	0.933927484803621
SNP_688	-0.0956260652998596	0.147284123313124	-0.64926254879869	0.516168688464271
SNP_689	0.0521245567889474	0.134265356559692	0.388220447362935	0.69785290272332
SNP_690	-0.00253656424656815	0.140941461592839	-0.0179972892142692	0.985641015955426
SNP_691	-0.266741442367732	0.125963024547694	-2.11761700169985	0.0342075171121676
SNP_692	0.00813948588160622	0.109155226176972	0.0745679906192466	0.940558442978299
SNP_693	0.0676502493500199	0.189835049627674	0.356363324279174	0.721568491824955
SNP_694	-0.0470461031281344	0.100331127574484	-0.468908346447199	0.639135150118037
SNP_695	-0.034811013845477	0.10843027903254	-0.321045137539767	0.748176185105919
SNP_696	0.0561984713892248	0.121698971004346	0.4617826340308	0.644237205561247
SNP_697	-0.0211728524556697	0.171208809115736	-0.123666840304678	0.901579067673252
SNP_698	0.0810471078539228	0.108564131713484	0.746536692872171	0.455343274747172
SNP_699	0.0651152483283477	0.14060991628976	0.463091437976267	0.643298826892541
SNP_700	0.0201881262432844	0.126831058230799	0.159173364354867	0.8735322884617
SNP_701	-0.0848358742719548	0.126982032030306	-0.668093531939285	0.504073890320144
SNP_702	-0.171699253127864	0.100905056707479	-1.70159215732484	0.0888318487219512
SNP_703	-0.242627519501816	0.100704066654639	-2.40931203239189	0.0159826266705559
SNP_704	-0.0789315965578147	0.145151182716987	-0.543788862621356	0.586586773792828
SNP_705	-0.0238667540469892	0.100158812914237	-0.238289106595398	0.811656869722534
SNP_706	-0.0202526332446044	0.104160670400808	-0.194436471718862	0.84583413450557
SNP_707	-0.0174570184451611	0.117454080650012	-0.148628454188657	0.881846819186275
SNP_708	-0.0488050123459116	0.0987808066369616	-0.494073838911635	0.621254032923038
SNP_709	-0.00188563353388862	0.099807931997771	-0.0188926220205698	0.98492676526658
SNP_710	-0.0701399301844193	0.111597559629453	-0.62850774172223	0.52967137673515
SNP_711	0.0664456791910562	0.115310021792496	0.576235076172539	0.564456299474133
SNP_712	0.269692143321606	0.175557470682634	1.5362043111748	0.124488278997205
SNP_713	0.00624538810950481	0.117355048447145	0.0532178904286138	0.957558301312841
SNP_714	-0.0422294834894948	0.0981177116556398	-0.430396131105321	0.666907509197755
SNP_715	-0.0371812443530416	0.102031928424866	-0.364407935114359	0.715553410884272
SNP_716	0.154558234497835	0.114403273174568	1.35099486412416	0.176697077893704
SNP_717	-0.158194670162479	0.105926387973748	-1.49343967247976	0.135322134693745
SNP_718	-0.0776998548741988	0.110522667462375	-0.703021892777333	0.482042106111504
SNP_719	-0.0566584988287201	0.0953344651336265	-0.594312862083027	0.552302877523551
SNP_720	0.0147900059321556	0.0975778601042431	0.151571328950598	0.879525048271807
SNP_721	0.0832852399869721	0.100899904033799	0.825424372644337	0.409130702472659
SNP_722	0.0582809623704195	0.0989874913855248	0.588770980602323	0.556014915158747
SNP_723	-0.057842766156107	0.121065962974478	-0.477778929229685	0.632807559716732
SNP_724	-0.0502540636005641	0.126196521046873	-0.398220673467681	0.690467528239255
SNP_725	0.172589554417853	0.198054808436411	0.871423197348254	0.383523124277177
SNP_726	-0.00598932997844796	0.0981874722417109	-0.0609989221812723	0.951360067433597
SNP_727	0.019574513534183	0.0977957929758861	0.200157010220363	0.841357787651186
SNP_728	-0.0114758750390066	0.0982886249519825	-0.116756898823368	0.907052699823358
SNP_729	-0.0962561988871056	0.121106730253158	-0.794804703965619	0.426727114284532
SNP_730	-0.0855841702215171	0.11733400252713	-0.729406381596233	0.465753115321842
SNP_731	-0.0770345053109043	0.104886431422262	-0.734456347368433	0.462670655695271
SNP_732	-0.00387557411139296	0.0989851475509219	-0.0391530871780457	0.968768335940662
SNP_733	0.146973492377988	0.134531799142124	1.09248143052573	0.274621548151119
SNP_734	0.0741797717187715	0.151561861174814	0.489435608297338	0.624533331575396
SNP_735	-0.0320679087569362	0.101528576954495	-0.315851061039781	0.752115559324564
SNP_736	0.0880771563319739	0.0973159370586671	0.905064052138515	0.365431454986328
SNP_737	0.00421108968400492	0.18051426709047	0.0233282928373435	0.981388403430996
SNP_738	-0.00391768020094573	0.0986666382629604	-0.0397062296832752	0.968327335026322
SNP_739	-0.0352007003609634	0.104779340546871	-0.335950772139258	0.736907989173202
SNP_740	0.0772011171169681	0.099145352172167	0.778666023424956	0.436176475608272
SNP_741	0.101630600248951	0.118938459810394	0.854480547427341	0.392838783144153
SNP_742	0.20950217141058	0.114791616406496	1.82506508723336	0.0679912079249273
SNP_743	0.193674581038485	0.098417468410028	1.96788826381507	0.0490808954661834
SNP_744	-0.112471656969763	0.203217693607291	-0.553454056944026	0.579952531970904
SNP_745	0.19061155279485	0.097695033356727	1.95108744268344	0.0510466447391391
SNP_746	0.206502338725582	0.149640959755091	1.37998539346147	0.167591142178518
SNP_747	0.192950285549904	0.164082549975165	1.1759342207877	0.239621162760043
SNP_748	-0.0494003193985974	0.212792694240982	-0.232152328231029	0.81641970282203
SNP_749	0.319377206818522	0.119010917778123	2.68359586482603	0.00728350904855841
SNP_750	0.228022526111361	0.0964939005987016	2.36307709292072	0.018123898962343
SNP_751	0.175712456635066	0.196721300600935	0.893205037270026	0.371747381029361
SNP_752	0.100022783921464	0.157151126433155	0.63647513187893	0.524466784632896
SNP_753	0.0158245146874341	0.0999759674272111	0.158283186396324	0.874233656437152
SNP_754	-0.0629443215996987	0.111844605821183	-0.562783704565367	0.573582177890934
SNP_755	-0.0392261831770337	0.128703599504585	-0.304779223953532	0.760534306051447
SNP_756	-0.0919946944438296	0.0984665772726187	-0.934273303611734	0.350162931563511
SNP_757	-0.191543629348715	0.0975297688346423	-1.96395040855136	0.049535843219709
SNP_758	-0.090903754394823	0.0962404185944133	-0.944548618163428	0.344889369609184
SNP_759	-0.238139386012915	0.218189931006145	-1.09143160234194	0.275083013023368
SNP_760	0.0310122211839332	0.147979552547742	0.209570989031933	0.834002524199727
SNP_761	-0.371433175222053	0.170654085932473	-2.17652670425381	0.0295158991124114
SNP_762	-0.112664775288941	0.139583301825104	-0.807150811134334	0.419579601090172
SNP_763	-0.0846486066059061	0.131620473706651	-0.64312643939093	0.520142059913682
SNP_764	-0.100247414630448	0.136759706741842	-0.73301864283522	0.463547058929667
SNP_765	0.113650430395852	0.170365671951747	0.66709701017727	0.504710169786485
SNP_766	-0.010174870744595	0.0953524698428469	-0.106707993629997	0.915020640819778
SNP_767	-0.160554832490814	0.134207351671659	-1.19631920674222	0.231572016356902
SNP_768	-0.0740120740713491	0.111540539191789	-0.663544166162658	0.506982102819067
SNP_769	0.00257942435248546	0.097979708701107	0.0263261075857467	0.978997231282924
SNP_770	-0.0106772153995286	0.10234525971485	-0.104325451215591	0.916911080964905
SNP_771	-0.0102927901231052	0.0984773065772053	-0.104519411434509	0.916757164548473
SNP_772	0.238998019728754	0.141067845409501	1.69420621003302	0.0902261052080433
SNP_773	0.0186575004598031	0.111722701670804	0.166998292923298	0.867371392113807
SNP_774	0.108103724241609	0.118358637787351	0.913357286485783	0.361054662384137
SNP_775	0.128086819390743	0.173457027387329	0.738435457588733	0.460249874506488
SNP_776	0.0715880497737909	0.109604975398756	0.65314598642393	0.513662167971243
SNP_777	0.173249855144617	0.105763678271292	1.63808462391235	0.101404042045178
SNP_778	-0.0135992371362698	0.181965291896324	-0.0747353354837471	0.940425292626976
SNP_779	0.109325875123475	0.102972324974499	1.06170153146051	0.288371203895992
SNP_780	0.121431260895654	0.106869781302154	1.13625441557076	0.255850102616526
SNP_781	0.0530502612547426	0.118764476058734	0.446684589662205	0.65510281001715
SNP_782	0.1404350220426	0.101104028738217	1.3890150946034	0.164828160071443
SNP_783	0.196215559418397	0.137614592180712	1.42583396360127	0.153916274666452
SNP_784	0.21870095437181	0.100350648319133	2.17936762776361	0.0293043689849297
SNP_785	0.208887513847519	0.112341677868219	1.85939464151989	0.062971220786113
SNP_786	-0.00408965443529205	0.165341453783193	-0.0247345982614541	0.98026665809429
SNP_787	0.212583004764535	0.102087841637616	2.08235379800805	0.0373101652882895
SNP_788	0.193930392675962	0.113033449400124	1.71569029968708	0.0862187411317281
SNP_789	0.0920559418642307	0.103806854160055	0.886800227298032	0.375186465230998
SNP_790	0.11759124984349	0.150980009404679	0.778853109806773	0.436066248169044
SNP_791	0.13401614215311	0.142698011807251	0.939159140732333	0.347649043657303
SNP_792	0.0360707003712775	0.113955568358588	0.31653302151741	0.751597965075731
SNP_793	0.0211511337824783	0.0979943742567018	0.215840286168589	0.829112244556572
SNP_794	0.0129286725340744	0.10759487120897	0.120160676701442	0.904355867462569
SNP_795	-0.000449915383440449	0.0976587853071225	-0.00460701392123126	0.996324147723919
SNP_796	-0.0127815921678914	0.0975336804806263	-0.131047983680163	0.895737349189507
SNP_797	-0.0527347965598518	0.109519142166278	-0.481512140405436	0.630152553359761
SNP_798	0.022869843912068	0.0983692583940635	0.23248974614053	0.816157650454377
SNP_799	-0.0171973681262912	0.097729872648332	-0.175968387763828	0.860318777788095
SNP_800	0.0375989216092692	0.136871662620219	0.27470201566555	0.783545182442214
SNP_801	-0.00879327080310391	0.104564504176162	-0.0840942236792871	0.932981517213812
SNP_802	0.509109316099525	0.195062378707488	2.60998209635789	0.00905469613992957
SNP_803	0.173344905848011	0.178023620450469	0.973718574026196	0.330196292301611
SNP_804	0.0155365947501427	0.101674047983434	0.152807870427999	0.878549790927947
SNP_805	0.0128867626080525	0.0976612329741252	0.13195371608166	0.895020900754468
SNP_806	-0.0564580777954521	0.102137252435072	-0.552766756980682	0.580423134522057
SNP_807	0.0435406612487829	0.143173562225356	0.304111042374218	0.761043294424133
SNP_808	0.146975558524586	0.141571595229309	1.03817123969342	0.299190339744632
SNP_809	0.0136800187144944	0.0999545958722147	0.136862328291372	0.891139616239068
SNP_810	0.045102663740046	0.184546507094248	0.244397276600917	0.806923150798287
SNP_811	0.0712925385357044	0.100775895437624	0.707436418462102	0.479295311725724
SNP_812	0.130094767839545	0.152351477082418	0.85391208756819	0.393153701580054
SNP_813	0.122934604416263	0.150480666754503	0.816946170346394	0.413959190984204
SNP_814	0.149767226989987	0.111454066048191	1.3437574087717	0.179026846319247
SNP_815	0.127962486269673	0.103910063654028	1.23147346628261	0.218145834601722
SNP_816	0.249103480035494	0.107137779921386	2.32507599297164	0.0200678970906571
SNP_817	0.125050914734556	0.156002758555208	0.801594253157396	0.422787702996074
SNP_818	0.128843607125778	0.101328339131389	1.27154563304063	0.203534604026669
SNP_819	0.0317723395062551	0.10142398662197	0.313262577862157	0.75408117881495
SNP_820	0.024880747034366	0.127797316382616	0.194689119761129	0.845636330100954
SNP_821	0.0227265141980282	0.0966369470621795	0.235174173946173	0.81407355011916
SNP_822	0.0497895772988422	0.105327380018068	0.47271257758715	0.636418251984132
SNP_823	0.0161006360395426	0.0987613989674549	0.163025597124726	0.870498280684848
SNP_824	-0.285178396058275	0.199127591384586	-1.43213903244325	0.152104035742237
SNP_825	-0.0185645430427929	0.099586065915803	-0.186417074236959	0.852117703806788
SNP_826	0.0271456402041077	0.103436612068491	0.262437445129517	0.792984206995523
SNP_827	-0.01427506394579	0.116067096194657	-0.122989756906204	0.902115209188679
SNP_828	-0.0291504602397219	0.120108469494424	-0.242701121431535	0.808236938647679
SNP_829	-0.0484898682350091	0.107623842446899	-0.450549498443466	0.652314271569603
SNP_830	0.312410330625304	0.158163916780944	1.97523137377782	0.048241897060098
SNP_831	0.0876279081805033	0.106591656816822	0.822089746959201	0.411025820435986
SNP_832	0.0816598334127056	0.107234920244211	0.761504118497388	0.446356019872519
SNP_833	0.0844392727100343	0.108412515911796	0.778870151659735	0.436056208258695
SNP_834	0.132138564402601	0.0998957949977093	1.3227640303141	0.185913862522009
SNP_835	0.0123516451631891	0.100768582946119	0.122574365958817	0.902444154345952
SNP_836	0.0361644937948688	0.103158193558561	0.350573159022399	0.725908596033356
SNP_837	0.148446137555997	0.11160483402075	1.33010490861353	0.183483708481664
SNP_838	0.061026595068112	0.100517175543902	0.607126043264697	0.543767268022336
SNP_839	0.238693848289401	0.154513379115074	1.54481022715602	0.122392172797103
SNP_840	0.177727969402515	0.14468334819339	1.22839270463216	0.21929958518028
SNP_841	0.117894794942755	0.135255325056202	0.871646235693614	0.38340139908574
SNP_842	0.18582644628582	0.100624170126576	1.84673767795616	0.0647851681594319
SNP_843	0.122387045385321	0.0990321034845488	1.23583202899872	0.21652100677022
SNP_844	-0.0303702085016423	0.0990265144187785	-0.306687645020082	0.759081134744026
SNP_845	0.0257722487653744	0.102715571463239	0.250908877770282	0.801884560465829
SNP_846	0.0484968370152381	0.111225088748335	0.436024260002798	0.662819128066226
SNP_847	-0.00756120261585924	0.0988422352146052	-0.076497689468904	0.939023152127532
SNP_848	-0.0815483417510192	0.147481768786283	-0.552938457560755	0.580305552307164
SNP_849	0.081188505558339	0.127712119345471	0.635714965615111	0.52496222022271
SNP_850	-0.020856418435981	0.124033943262928	-0.16815089391917	0.866464571750689
SNP_851	0.124070107742033	0.120807503432473	1.02700663631696	0.304417339195916
SNP_852	0.105843555874843	0.0978408574968779	1.08179301145455	0.279344512629702
SNP_853	0.146615960469098	0.0996338100404979	1.47154826669284	0.141142904423674
SNP_854	0.105745682965675	0.0994895112583555	1.06288272631145	0.287835137427393
SNP_855	0.0706979684874269	0.0989519358470036	0.714467765408227	0.474937981756986
SNP_856	-0.108861257057476	0.199848370105982	-0.54471926390866	0.585946613652647
SNP_857	0.0714358655572146	0.107097015435628	0.667020133723072	0.504759273011752
SNP_858	-0.0675460098980239	0.101512883499896	-0.665393470948869	0.505798859859646
SNP_859	-0.00923474630975041	0.111665446137334	-0.0827001246060746	0.934089985792186
SNP_860	-0.0238648821750661	0.097722527316624	-0.244210652654767	0.807067677176832
SNP_861	0.0134315771388859	0.162412871854893	0.0827002009476577	0.934089925088357
SNP_862	-0.0445692141660107	0.0995787287164988	-0.447577657803802	0.654458030525968
SNP_863	0.08129038868735	0.104575823943426	0.777334431821707	0.43696148575308
SNP_864	-0.0279979404276724	0.122890024076032	-0.22782923706118	0.819778996458829
SNP_865	-0.0991590718065577	0.108764316175119	-0.91168753956862	0.361933225190761
SNP_866	-0.0346064755152642	0.127163060445606	-0.272142518385417	0.7855124378769
SNP_867	0.0571508392953295	0.148490799894508	0.384877981234735	0.700327820069896
SNP_868	-0.036381530883349	0.183648504316213	-0.198104150201549	0.842963577794747
SNP_869	0.022688246382328	0.101156334727331	0.224288933001425	0.822532487050587
SNP_870	0.155665971781769	0.113013171163834	1.37741442151112	0.16838415665372
SNP_871	0.00994305560745113	0.170822572654667	0.0582069187516097	0.953583809701481
SNP_872	0.140583222435426	0.116812759257465	1.2034920100258	0.228785981441348
SNP_873	-0.108656320274952	0.103619939166881	-1.04860436271787	0.29436024709855
SNP_874	-0.489538142300612	0.173298385484637	-2.82482806133246	0.0047305993508254
SNP_875	-0.027299941021008	0.100355992822193	-0.272030999378154	0.785598183761319
SNP_876	0.00508930961865768	0.0979536688480161	0.0519562940164518	0.958563518668958
SNP_877	-0.01594593954917	0.0981608125588926	-0.162447102193689	0.87095378120488
SNP_878	0.0615908426169357	0.111534089365411	0.552215407570597	0.580800779365681
SNP_879	-0.0304138839823947	0.117566274684824	-0.258695651145954	0.795870075256671
SNP_880	0.019935739263092	0.109926831702321	0.18135462429298	0.856089232800899
SNP_881	-0.0393055689026907	0.0981397224782842	-0.400506216138811	0.688783705964191
SNP_882	0.0161475280583164	0.129030716540316	0.125144837533868	0.900408887069371
SNP_883	-0.135590153302741	0.107054842541387	-1.26654852862281	0.205316766793157
SNP_884	-0.367741534997726	0.192853869116243	-1.90684032777206	0.0565412673369762
SNP_885	-0.102027897223852	0.174931148699416	-0.583246025550124	0.559727691517513
SNP_886	0.125427155926387	0.100689301627025	1.2456850320702	0.212880050884652
SNP_887	-0.0937154577052119	0.172697162147979	-0.542657774682538	0.587365452134741
SNP_888	-0.201923437757668	0.123668530533414	-1.63277947014265	0.102515386361603
SNP_889	-0.147664386043678	0.193232881067791	-0.764178359437041	0.444760960875873
SNP_890	-0.0593939951308727	0.100202047147666	-0.592742332333241	0.553353606366126
SNP_891	-0.00810336118356502	0.123889314548171	-0.0654080718189319	0.947849097461994
SNP_892	-0.159703863589647	0.100595221471935	-1.58758896548781	0.112379315010201
SNP_893	-0.212302933006838	0.0989428819974865	-2.14571203830743	0.0318959601393278
SNP_894	-0.258613942383358	0.138045668612004	-1.87339410923661	0.0610139828692538
SNP_895	-0.226927621381606	0.105003483170088	-2.16114375000323	0.0306842369348442
SNP_896	-0.277081634067094	0.124204993725624	-2.23084133540704	0.0256916408060085
SNP_897	0.00268011627704372	0.204811770760071	0.0130857531630024	0.989559377555646
SNP_898	0.115814993026952	0.188628736935252	0.613983822977653	0.539226017191758
SNP_899	-0.0100363867152379	0.131399455458252	-0.0763807329355839	0.939116197711752
SNP_900	0.201117897519863	0.0763191246412465	2.63522280247917	0.00840820715394068
SNP_901	-0.0765838879927286	0.0987727008744167	-0.775354802640258	0.438130034562584
SNP_902	-0.0354380324304016	0.0994342933301889	-0.356396482979201	0.721543662871359
SNP_903	0.0242701817566175	0.0981292767973942	0.247328652046705	0.804653886319922
SNP_904	-0.117133829049612	0.115208823270571	-1.01670883986481	0.309291959230688
SNP_905	0.0119326319063945	0.117467406738355	0.10158249200966	0.919088076903888
SNP_906	0.00903661363560366	0.145791914930539	0.0619829545411285	0.950576406203926
SNP_907	0.151596957131557	0.100713463148929	1.50523030776317	0.132264875683259
SNP_908	0.0397728665553951	0.181926353098687	0.218620699409173	0.826945527031014
SNP_909	-0.0100279950636149	0.103447110917146	-0.0969383772510246	0.922775331669826
SNP_910	-0.0201903527103838	0.13016524270946	-0.155113241370051	0.876732043427296
SNP_911	-0.00827073115850062	0.108421469679785	-0.0762831492962387	0.93919383169145
SNP_912	0.0643207309146083	0.123962857276516	0.518870993519715	0.6038507065705
SNP_913	0.00846389225833863	0.1054399629171	0.0802721475252526	0.936020809767062
SNP_914	0.000971676430032236	0.118246633780655	0.00821737075268186	0.993443560533587
SNP_915	0.0139901324303064	0.0992789895888969	0.140917353089893	0.887935233160674
SNP_916	0.0744053690627155	0.0993719791798223	0.748756034415623	0.45400426336905
SNP_917	0.0213057385737376	0.144910793472986	0.147026581409958	0.883111039382863
SNP_918	0.0368250866466577	0.119574786995548	0.307966985113918	0.758107454246454
SNP_919	0.068593403214501	0.111459458380005	0.61541123751599	0.538283171966157
SNP_920	0.07206985937266	0.101436389482882	0.710493144916422	0.477398380416566
SNP_921	0.103157000305655	0.10104650231125	1.02088640325129	0.30730826172017
SNP_922	0.00175074517793831	0.0956666247807757	0.0183004802557864	0.985399144342712
SNP_923	0.0350543959444653	0.0995349075831567	0.352181930898756	0.724701827031825
SNP_924	0.0269040091144984	0.0954973679776001	0.281725137396552	0.778154278035001
SNP_925	-0.11493939862087	0.109825562125538	-1.04656326265361	0.295301053075947
SNP_926	0.073658809451996	0.114220471509504	0.64488272967659	0.519003184368246
SNP_927	-0.10153538830701	0.117909934503521	-0.861126661926674	0.389168286247262
SNP_928	-0.0213982416220465	0.099323350545815	-0.215440191097622	0.829424137650374
SNP_929	0.262775379079179	0.136646932057161	1.92302436010241	0.0544769906154242
SNP_930	0.00863339563833307	0.102963140740913	0.08384938120776	0.933176185700485
SNP_931	-0.00259783235305948	0.0981293082480639	-0.0264735622765458	0.978879620453475
SNP_932	0.102249698409146	0.109651196881412	0.932499610740495	0.351078387755316
SNP_933	0.135309038468718	0.109646100340798	1.23405244735704	0.217183361417673
SNP_934	-0.163652621132645	0.116311400098767	-1.40702133233439	0.159421063249823
SNP_935	-0.184017063291628	0.128361124982647	-1.43358873893092	0.151689658954697
SNP_936	-0.00930044177315441	0.129951441031978	-0.0715685928474298	0.942945235235537
SNP_937	-0.0369624731427337	0.104512008663713	-0.35366723513723	0.723588280147831
SNP_938	0.00702761037577278	0.102035549200348	0.0688741368165128	0.945089805450835
SNP_939	-0.036984936513954	0.155808408161214	-0.237374458480353	0.812366302718435
SNP_940	-0.0222597211192717	0.111138592485655	-0.200287952379322	0.841255384261272
SNP_941	0.0194906725695346	0.100416606646121	0.194098100110293	0.846099069231596
SNP_942	0.329831223141593	0.080972095469741	4.07339369480501	4.63330047737525e-05
SNP_943	0.228262695516373	0.0928873103650707	2.45741527684721	0.0139940814894737
SNP_944	0.356307245137313	0.122242238195405	2.91476375430687	0.00355957884887051
SNP_945	0.235717320835406	0.107153585952301	2.19980804879768	0.0278205166843714
SNP_946	0.165611486302102	0.107278495481478	1.5437528794454	0.122648210534572
SNP_947	0.246545095394888	0.104438067034719	2.36068229138067	0.0182413507044172
SNP_948	0.142087789300606	0.0970059671030364	1.46473246485637	0.142993923857911
SNP_949	0.168752490670166	0.101205697096989	1.66742086177663	0.0954307484831071
SNP_950	0.0289103842506489	0.173541226544153	0.166590871957986	0.867691976452176
SNP_951	-0.0826147269722639	0.0980486793047236	-0.84258888093237	0.3994584118211
SNP_952	-0.0348915542841943	0.153556148939703	-0.227223426252342	0.82025001255022
SNP_953	0.0447636562966864	0.122566979161889	0.365217912710093	0.714948748066526
SNP_954	-0.0149339398240015	0.108681436381128	-0.137410217616472	0.890706555167275
SNP_955	-0.0199162813174948	0.107922863594367	-0.184541816758597	0.853588425407681
SNP_956	-0.131867698375974	0.122106531825672	-1.07993975755726	0.280169007431527
SNP_957	-0.0455221185907046	0.104129436377436	-0.43716858723504	0.661989089173962
SNP_958	-0.142879604348161	0.0984035971057937	-1.45197542112766	0.14650843959303
SNP_959	-0.204609839001676	0.124056079285316	-1.64933343194811	0.0990793441198657
SNP_960	-0.0808270998727573	0.16771210192161	-0.481939579473738	0.62984886850936
SNP_961	-0.205188772951224	0.102666856796672	-1.99858824311328	0.0456529235001023
SNP_962	-0.0502599693407368	0.154233653991487	-0.325869017818321	0.744523457492316
SNP_963	-0.064450196078619	0.148575294979367	-0.433788107824853	0.664442318141319
SNP_964	-0.191856624769231	0.104573036227644	-1.83466629343707	0.066555149462332
SNP_965	-0.0058905376994754	0.180062689032622	-0.0327138161221629	0.97390280611655
SNP_966	-0.143459015379496	0.124851240199366	-1.14903957021505	0.250539664401408
SNP_967	-0.0178526010807742	0.108078714388525	-0.165181471502307	0.86880114852991
SNP_968	-0.0135705676943562	0.161425405884631	-0.0840671121127913	0.933003072785126
SNP_969	-0.221426413090454	0.15212049733997	-1.45559879807383	0.145503560503335
SNP_970	-0.0502327751942318	0.108567694236762	-0.462686212020728	0.643589302741368
SNP_971	0.0463726353605597	0.120928217218108	0.383472413861201	0.701369520421807
SNP_972	-0.00166814546400427	0.100670138292673	-0.0165704099775304	0.986779330734084
SNP_973	-0.0827549626146064	0.149771689197684	-0.552540757588558	0.580577918099663
SNP_974	-0.0371288489454035	0.153324069760062	-0.242159296994312	0.808656732794738
SNP_975	-0.0384227820715026	0.112326142801901	-0.342064466143604	0.732302378094341
SNP_976	-0.0392073937247368	0.0947380769224073	-0.413850428448623	0.678983649758802
SNP_977	-0.0523411696837704	0.149096841015977	-0.351054853524104	0.725547196710461
SNP_978	-0.249515129756399	0.128833417191827	-1.93672678405233	0.0527787498919876
SNP_979	-0.0606906290067048	0.112603318178123	-0.538977269841201	0.589902538645699
SNP_980	-0.107445147060706	0.112901818794268	-0.951668876623629	0.341264938427045
SNP_981	-0.093508254186129	0.100330807382191	-0.93199941898132	0.351336825701132
SNP_982	-0.315109861844965	0.129788307246634	-2.42787558085775	0.015187552461921
SNP_983	-0.351684499792994	0.177132223893577	-1.98543490316189	0.04709610594288
SNP_984	-0.0451852163641977	0.10096543925326	-0.447531518689834	0.654491335845902
SNP_985	-0.158121767439054	0.15317188885505	-1.03231584216271	0.3019241820184
SNP_986	-0.122605175012497	0.1010694567755	-1.21307840097363	0.225099847034416
SNP_987	-0.0959244824181171	0.0985662598036778	-0.973197954443818	0.33045492729028
SNP_988	-0.123209757095042	0.130820960874907	-0.941819692127605	0.346284961439134
SNP_989	0.062643176749906	0.147700348554199	0.424123418550492	0.671475807327509
SNP_990	-0.00727343905707556	0.136149489345443	-0.0534224483106297	0.957395319583847
SNP_991	-0.0842594215547081	0.102305967094064	-0.823602219382149	0.410165614503
SNP_992	-0.0233673926753106	0.0986509637246208	-0.236869380622976	0.812758124785178
SNP_993	0.288676970937492	0.208226367818091	1.38636126616627	0.1656366176802
SNP_994	-0.0666728005557685	0.148814406422549	-0.44802651946516	0.654134057576912
SNP_995	-0.0243846114197593	0.103458573643482	-0.235694448135238	0.813669778290219
SNP_996	-0.103683916036917	0.120054108824262	-0.863643210984903	0.387783918919678
SNP_997	0.0743170776492579	0.174742747644958	0.425294203340874	0.670622218699561
SNP_998	-0.18539704639639	0.129769771118331	-1.42866127295034	0.153101613818495
SNP_999	-0.145272135800745	0.100297579006772	-1.44841119037316	0.147502087029079
SNP_1000	-0.120220421785998	0.157950526435609	-0.761127072501452	0.446581171733455
